400
0.7816973900000000	0.0001046600000000	0.6118871000000000	0.0001552600000000	0.9999996400000000	-0.0008573300000000
0.7816973900000000	0.0000626300000000	0.5628675200000000	0.0001610000000000	0.9999996400000000	-0.0008573300000000
0.7816973900000000	0.0000206000000000	0.5138479500000001	0.0002212000000000	0.9999995200000000	-0.0009712600000000
0.7816973900000000	-0.0000325900000000	0.4648283700000000	0.0002078400000000	0.9999994000000000	-0.0010852000000000
0.7816973900000000	-0.0000857900000000	0.4158088000000000	0.0003914500000000	0.9999989900000000	-0.0013860700000000
0.7816973900000000	-0.0001684800000000	0.3667892200000000	0.0002708100000000	0.9999985700000000	-0.0016869500000000
0.7816973900000000	-0.0002511800000000	0.3177696500000000	0.0003766700000000	0.9999981500000000	-0.0018736300000000
0.7816973900000000	-0.0003521700000000	0.2687500700000000	0.0003015300000000	0.9999978500000000	-0.0020603100000000
0.7816973900000000	-0.0004531700000000	0.2197304800000000	0.0002226200000000	0.9999982100000000	-0.0018775800000000
0.7816973900000000	-0.0005362500000000	0.1707109100000000	0.0003383200000000	0.9999985100000000	-0.0016948500000000
0.7816973900000000	-0.0006193300000000	0.1216913200000000	0.0001556400000000	0.9999992300000000	-0.0012493400000000
0.7816973900000000	-0.0006587300000000	0.0726717400000000	0.0003816700000000	0.9999995800000000	-0.0008038300000000
0.7816973900000000	-0.0006981400000000	0.0236521600000000	0.0001388400000000	0.9999999400000000	-0.0002517600000000
0.7816973900000000	-0.0006834200000000	-0.0253674200000000	0.0003923500000000	0.9999998800000000	0.0003003100000000
0.7816973900000000	-0.0006687000000000	-0.0743870000000000	0.0001484000000000	0.9999996400000000	0.0008109200000000
0.7816973900000000	-0.0006039100000000	-0.1234065800000000	0.0003608000000000	0.9999990500000000	0.0013215200000000
0.7816973900000000	-0.0005391300000000	-0.1724261600000000	0.0001856200000000	0.9999986300000000	0.0016431900000000
0.7816973900000000	-0.0004428200000000	-0.2214457200000000	0.0003057800000000	0.9999980300000000	0.0019648600000000
0.7816973900000000	-0.0003465000000000	-0.2704653100000000	0.0002916700000000	0.9999980900000000	0.0019392100000000
0.7816973900000000	-0.0002527000000000	-0.3194848900000000	0.0002858000000000	0.9999981500000000	0.0019135600000000
0.7816973900000000	-0.0001589000000000	-0.3685044600000000	0.0004475900000000	0.9999986300000000	0.0015960200000000
0.7816973900000000	-0.0000962300000000	-0.4175240400000000	0.0002409500000000	0.9999991700000000	0.0012784800000000
0.7816973900000000	-0.0000335500000000	-0.4665436400000000	0.0002808800000000	0.9999994000000000	0.0010642000000000
0.7816973900000000	0.0000081100000000	-0.5155631899999999	0.0001604900000000	0.9999996400000000	0.0008499300000000
0.7816973900000000	0.0000497700000000	-0.5645827700000000	0.0001394900000000	0.9999996400000000	0.0008499300000000
0.6771222900000000	0.0001208900000000	0.6118871000000000	0.0001513000000000	0.9999996400000000	-0.0008366500000000
0.6771222900000000	0.0000794700000000	0.5628675200000000	0.0001459700000000	0.9999996400000000	-0.0008439600000000
0.6771222900000000	0.0000381500000000	0.5138479500000001	0.0001418700000000	0.9999995800000000	-0.0009213000000000
0.6771222900000000	-0.0000108600000000	0.4648283700000000	0.0001402500000000	0.9999994600000000	-0.0009970700000000
0.6771222900000000	-0.0000596000000000	0.4158088000000000	0.0001434700000000	0.9999991100000000	-0.0013189100000000
0.6771222900000000	-0.0001401600000000	0.3667892200000000	0.0001608300000000	0.9999986300000000	-0.0016456200000000
0.6771222900000000	-0.0002209400000000	0.3177696500000000	0.0001774600000000	0.9999982700000000	-0.0018408600000000
0.6771222900000000	-0.0003206400000000	0.2687500700000000	0.0002118900000000	0.9999979100000000	-0.0020399200000000
0.6771222900000000	-0.0004209300000000	0.2197304800000000	0.0002408700000000	0.9999982700000000	-0.0018383500000000
0.6771222900000000	-0.0005008700000000	0.1707109100000000	0.0002717200000000	0.9999986300000000	-0.0016349000000000
0.6771222900000000	-0.0005812100000000	0.1216913200000000	0.0003000500000000	0.9999992300000000	-0.0012031000000000
0.6771222900000000	-0.0006188200000000	0.0726717400000000	0.0003147900000000	0.9999996400000000	-0.0007684700000000
0.6771222900000000	-0.0006565600000000	0.0236521600000000	0.0003280400000000	0.9999999400000000	-0.0002403700000000
0.6771222900000000	-0.0006423900000000	-0.0253674200000000	0.0003234200000000	0.9999998800000000	0.0002897700000000
0.6771222900000000	-0.0006281500000000	-0.0743870000000000	0.0003195100000000	0.9999996400000000	0.0007772600000000
0.6771222900000000	-0.0005661800000000	-0.1234065800000000	0.0002965200000000	0.9999991700000000	0.0012667500000000
0.6771222900000000	-0.0005039500000000	-0.1724261600000000	0.0002749800000000	0.9999986900000000	0.0015845000000000
0.6771222900000000	-0.0004108400000000	-0.2214457200000000	0.0002382800000000	0.9999981500000000	0.0019043300000000
0.6771222900000000	-0.0003172600000000	-0.2704653100000000	0.0002052500000000	0.9999981500000000	0.0019179100000000
0.6771222900000000	-0.0002228100000000	-0.3194848900000000	0.0001749100000000	0.9999980900000000	0.0019339300000000
0.6771222900000000	-0.0001276600000000	-0.3685044600000000	0.0001498200000000	0.9999988100000000	0.0015481700000000
0.6771222900000000	-0.0000710300000000	-0.4175240400000000	0.0001407800000000	0.9999993400000000	0.0011522800000000
0.6771222900000000	-0.0000146900000000	-0.4665436400000000	0.0001287300000000	0.9999995200000000	0.0009783800000000
0.6771222900000000	0.0000248900000000	-0.5155631899999999	0.0001293700000000	0.9999996400000000	0.0008062500000000
0.6771222900000000	0.0000643600000000	-0.5645827700000000	0.0001274100000000	0.9999997000000000	0.0007793700000000
0.5725472000000000	0.0001363000000000	0.6118871000000000	0.0001586500000000	0.9999995800000000	-0.0009042000000000
0.5725472000000000	0.0000931600000000	0.5628675200000000	0.0001525700000000	0.9999995800000000	-0.0008774600000000
0.5725472000000000	0.0000502800000000	0.5138479500000001	0.0001423800000000	0.9999995200000000	-0.0009834700000000
0.5725472000000000	-0.0000032600000000	0.4648283700000000	0.0001226100000000	0.9999994000000000	-0.0010817800000000
0.5725472000000000	-0.0000557800000000	0.4158088000000000	0.0000948200000000	0.9999991100000000	-0.0013421700000000
0.5725472000000000	-0.0001348500000000	0.3667892200000000	0.0000993900000000	0.9999986900000000	-0.0016144400000000
0.5725472000000000	-0.0002140600000000	0.3177696500000000	0.0001078100000000	0.9999984500000000	-0.0017646900000000
0.5725472000000000	-0.0003078500000000	0.2687500700000000	0.0001342600000000	0.9999981500000000	-0.0019250500000000
0.5725472000000000	-0.0004027900000000	0.2197304800000000	0.0001699100000000	0.9999984500000000	-0.0017499600000000
0.5725472000000000	-0.0004794200000000	0.1707109100000000	0.0001856700000000	0.9999987500000000	-0.0015686000000000
0.5725472000000000	-0.0005565800000000	0.1216913200000000	0.0002066700000000	0.9999992800000000	-0.0011574500000000
0.5725472000000000	-0.0005929000000000	0.0726717400000000	0.0002144300000000	0.9999997000000000	-0.0007441100000000
0.5725472000000000	-0.0006295300000000	0.0236521600000000	0.0002227900000000	0.9999999400000000	-0.0002333500000000
0.5725472000000000	-0.0006157700000000	-0.0253674200000000	0.0002212900000000	0.9999999400000000	0.0002821200000000
0.5725472000000000	-0.0006018700000000	-0.0743870000000000	0.0002194700000000	0.9999997000000000	0.0007535400000000
0.5725472000000000	-0.0005419000000000	-0.1234065800000000	0.0002102500000000	0.9999992300000000	0.0012265200000000
0.5725472000000000	-0.0004816200000000	-0.1724261600000000	0.0001975000000000	0.9999988100000000	0.0015189400000000
0.5725472000000000	-0.0003929800000000	-0.2214457200000000	0.0001780300000000	0.9999983300000000	0.0018161100000000
0.5725472000000000	-0.0003035700000000	-0.2704653100000000	0.0001506900000000	0.9999983900000000	0.0018040300000000
0.5725472000000000	-0.0002161200000000	-0.3194848900000000	0.0001182400000000	0.9999983900000000	0.0017953100000000
0.5725472000000000	-0.0001275600000000	-0.3685044600000000	0.0000766400000000	0.9999988100000000	0.0015232100000000
0.5725472000000000	-0.0000667800000000	-0.4175240400000000	0.0000916500000000	0.9999992300000000	0.0012334800000000
0.5725472000000000	-0.0000066300000000	-0.4665436400000000	0.0001141600000000	0.9999994600000000	0.0010398600000000
0.5725472000000000	0.0000351700000000	-0.5155631899999999	0.0001198500000000	0.9999996400000000	0.0008471200000000
0.5725472000000000	0.0000764200000000	-0.5645827700000000	0.0001320100000000	0.9999995800000000	0.0008771400000000
0.4679721300000000	0.0001540700000000	0.6118871000000000	0.0001758900000000	0.9999995800000000	-0.0008837000000000
0.4679721300000000	0.0001113800000000	0.5628675200000000	0.0001862500000000	0.9999995800000000	-0.0008786500000000
0.4679721300000000	0.0000679300000000	0.5138479500000001	0.0001928600000000	0.9999995200000000	-0.0009852100000000
0.4679721300000000	0.0000147900000000	0.4648283700000000	0.0002216500000000	0.9999993400000000	-0.0010985400000000
0.4679721300000000	-0.0000397700000000	0.4158088000000000	0.0002362600000000	0.9999990500000000	-0.0013684400000000
0.4679721300000000	-0.0001193700000000	0.3667892200000000	0.0002242100000000	0.9999986900000000	-0.0016179000000000
0.4679721300000000	-0.0001983900000000	0.3177696500000000	0.0002158700000000	0.9999983900000000	-0.0017664800000000
0.4679721300000000	-0.0002925600000000	0.2687500700000000	0.0001884700000000	0.9999981500000000	-0.0019074400000000
0.4679721300000000	-0.0003853900000000	0.2197304800000000	0.0001757200000000	0.9999985100000000	-0.0017286700000000
0.4679721300000000	-0.0004620400000000	0.1707109100000000	0.0001679100000000	0.9999987500000000	-0.0015564700000000
0.4679721300000000	-0.0005379900000000	0.1216913200000000	0.0001648100000000	0.9999993400000000	-0.0011417400000000
0.4679721300000000	-0.0005739700000000	0.0726717400000000	0.0001640300000000	0.9999997000000000	-0.0007340900000000
0.4679721300000000	-0.0006099600000000	0.0236521600000000	0.0001664400000000	0.9999999400000000	-0.0002257300000000
0.4679721300000000	-0.0005961000000000	-0.0253674200000000	0.0001693100000000	0.9999999400000000	0.0002826800000000
0.4679721300000000	-0.0005822400000000	-0.0743870000000000	0.0001697700000000	0.9999997000000000	0.0007537100000000
0.4679721300000000	-0.0005222100000000	-0.1234065800000000	0.0001754100000000	0.9999992300000000	0.0012198900000000
0.4679721300000000	-0.0004626500000000	-0.1724261600000000	0.0001783300000000	0.9999988100000000	0.0015157700000000
0.4679721300000000	-0.0003736100000000	-0.2214457200000000	0.0001963400000000	0.9999983300000000	0.0018044700000000
0.4679721300000000	-0.0002857400000000	-0.2704653100000000	0.0002055400000000	0.9999983900000000	0.0017903500000000
0.4679721300000000	-0.0001980800000000	-0.3194848900000000	0.0002390400000000	0.9999983900000000	0.0017759500000000
0.4679721300000000	-0.0001116300000000	-0.3685044600000000	0.0002537500000000	0.9999988700000000	0.0014914600000000
0.4679721300000000	-0.0000518600000000	-0.4175240400000000	0.0002174300000000	0.9999992300000000	0.0012323300000000
0.4679721300000000	0.0000091900000000	-0.4665436400000000	0.0001972400000000	0.9999994600000000	0.0010385300000000
0.4679721300000000	0.0000499600000000	-0.5155631899999999	0.0001749100000000	0.9999996400000000	0.0008443300000000
0.4679721300000000	0.0000919700000000	-0.5645827700000000	0.0001605400000000	0.9999995800000000	0.0008823300000000
0.3633970000000000	0.0001730900000000	0.6118871000000000	0.0001513700000000	0.9999997000000000	-0.0007708800000000
0.3633970000000000	0.0001321100000000	0.5628675200000000	0.0001510500000000	0.9999996400000000	-0.0008412600000000
0.3633970000000000	0.0000906100000000	0.5138479500000001	0.0001579400000000	0.9999995800000000	-0.0009079400000000
0.3633970000000000	0.0000431000000000	0.4648283700000000	0.0001588100000000	0.9999995200000000	-0.0009891800000000
0.3633970000000000	-0.0000063700000000	0.4158088000000000	0.0001774000000000	0.9999991100000000	-0.0013367200000000
0.3633970000000000	-0.0000879500000000	0.3667892200000000	0.0001735200000000	0.9999986300000000	-0.0016579500000000
0.3633970000000000	-0.0001689100000000	0.3177696500000000	0.0001650900000000	0.9999982700000000	-0.0018409300000000
0.3633970000000000	-0.0002684400000000	0.2687500700000000	0.0001581400000000	0.9999979700000000	-0.0020107100000000
0.3633970000000000	-0.0003660400000000	0.2197304800000000	0.0001357300000000	0.9999983900000000	-0.0017938300000000
0.3633970000000000	-0.0004443000000000	0.1707109100000000	0.0001331900000000	0.9999987500000000	-0.0015918800000000
0.3633970000000000	-0.0005221100000000	0.1216913200000000	0.0001246400000000	0.9999992800000000	-0.0011657200000000
0.3633970000000000	-0.0005585900000000	0.0726717400000000	0.0001244100000000	0.9999997000000000	-0.0007406300000000
0.3633970000000000	-0.0005947200000000	0.0236521600000000	0.0001232600000000	0.9999999400000000	-0.0002220900000000
0.3633970000000000	-0.0005803600000000	-0.0253674200000000	0.0001254000000000	0.9999999400000000	0.0002892100000000
0.3633970000000000	-0.0005663600000000	-0.0743870000000000	0.0001276100000000	0.9999997000000000	0.0007665500000000
0.3633970000000000	-0.0005052100000000	-0.1234065800000000	0.0001302600000000	0.9999992300000000	0.0012448000000000
0.3633970000000000	-0.0004443200000000	-0.1724261600000000	0.0001364200000000	0.9999987500000000	0.0015636000000000
0.3633970000000000	-0.0003519200000000	-0.2214457200000000	0.0001403300000000	0.9999982100000000	0.0018741400000000
0.3633970000000000	-0.0002605800000000	-0.2704653100000000	0.0001561400000000	0.9999982100000000	0.0018951200000000
0.3633970000000000	-0.0001661200000000	-0.3194848900000000	0.0001607900000000	0.9999982100000000	0.0018981500000000
0.3633970000000000	-0.0000744900000000	-0.3685044600000000	0.0001817800000000	0.9999988700000000	0.0014771200000000
0.3633970000000000	-0.0000213000000000	-0.4175240400000000	0.0001776900000000	0.9999993400000000	0.0011129300000000
0.3633970000000000	0.0000346200000000	-0.4665436400000000	0.0001570500000000	0.9999995200000000	0.0009491400000000
0.3633970000000000	0.0000717500000000	-0.5155631899999999	0.0001523600000000	0.9999997000000000	0.0007688300000000
0.3633970000000000	0.0001100000000000	-0.5645827700000000	0.0001357900000000	0.9999997600000000	0.0007021600000000
0.2588219000000000	0.0001857300000000	0.6118871000000000	0.0000964100000000	0.9999996400000000	-0.0008201400000000
0.2588219000000000	0.0001429700000000	0.5628675200000000	0.0000828800000000	0.9999996400000000	-0.0008646400000000
0.2588219000000000	0.0001009600000000	0.5138479500000001	0.0000718500000000	0.9999995200000000	-0.0009686600000000
0.2588219000000000	0.0000480000000000	0.4648283700000000	0.0000345700000000	0.9999994600000000	-0.0010570100000000
0.2588219000000000	-0.0000026700000000	0.4158088000000000	0.0000068700000000	0.9999991100000000	-0.0013370500000000
0.2588219000000000	-0.0000830800000000	0.3667892200000000	0.0000135900000000	0.9999986300000000	-0.0016441700000000
0.2588219000000000	-0.0001638600000000	0.3177696500000000	0.0000176100000000	0.9999983900000000	-0.0017992900000000
0.2588219000000000	-0.0002594800000000	0.2687500700000000	0.0000449300000000	0.9999980300000000	-0.0019701000000000
0.2588219000000000	-0.0003570100000000	0.2197304800000000	0.0000628400000000	0.9999983900000000	-0.0017819000000000
0.2588219000000000	-0.0004341800000000	0.1707109100000000	0.0000716200000000	0.9999987500000000	-0.0015801300000000
0.2588219000000000	-0.0005119200000000	0.1216913200000000	0.0000782800000000	0.9999993400000000	-0.0011604700000000
0.2588219000000000	-0.0005479500000000	0.0726717400000000	0.0000811300000000	0.9999997000000000	-0.0007370300000000
0.2588219000000000	-0.0005841800000000	0.0236521600000000	0.0000821000000000	1.0000000000000000	-0.0002236300000000
0.2588219000000000	-0.0005698800000000	-0.0253674200000000	0.0000816800000000	0.9999999400000000	0.0002919600000000
0.2588219000000000	-0.0005555500000000	-0.0743870000000000	0.0000828900000000	0.9999997000000000	0.0007640800000000
0.2588219000000000	-0.0004949700000000	-0.1234065800000000	0.0000794500000000	0.9999992300000000	0.0012386800000000
0.2588219000000000	-0.0004341100000000	-0.1724261600000000	0.0000771300000000	0.9999988100000000	0.0015372600000000
0.2588219000000000	-0.0003442500000000	-0.2214457200000000	0.0000586400000000	0.9999982700000000	0.0018465300000000
0.2588219000000000	-0.0002530800000000	-0.2704653100000000	0.0000454300000000	0.9999983300000000	0.0018339800000000
0.2588219000000000	-0.0001644500000000	-0.3194848900000000	0.0000082700000000	0.9999983300000000	0.0018306500000000
0.2588219000000000	-0.0000736100000000	-0.3685044600000000	-0.0000152400000000	0.9999988100000000	0.0015275100000000
0.2588219000000000	-0.0000147000000000	-0.4175240400000000	0.0000199500000000	0.9999992800000000	0.0011795800000000
0.2588219000000000	0.0000420400000000	-0.4665436400000000	0.0000420400000000	0.9999995200000000	0.0009845000000000
0.2588219000000000	0.0000818200000000	-0.5155631899999999	0.0000618700000000	0.9999997000000000	0.0007989600000000
0.2588219000000000	0.0001203700000000	-0.5645827700000000	0.0000761700000000	0.9999997000000000	0.0007372300000000
0.1542468100000000	0.0001932500000000	0.6118871000000000	0.0000637100000000	0.9999996400000000	-0.0008760600000000
0.1542468100000000	0.0001494500000000	0.5628675200000000	0.0000671500000000	0.9999995800000000	-0.0008936600000000
0.1542468100000000	0.0001056400000000	0.5138479500000001	0.0000663800000000	0.9999994600000000	-0.0010110200000000
0.1542468100000000	0.0000503300000000	0.4648283700000000	0.0000791800000000	0.9999993400000000	-0.0011277900000000
0.1542468100000000	-0.0000049300000000	0.4158088000000000	0.0000789600000000	0.9999990500000000	-0.0013814600000000
0.1542468100000000	-0.0000851100000000	0.3667892200000000	0.0000724900000000	0.9999986900000000	-0.0016350400000000
0.1542468100000000	-0.0001652300000000	0.3177696500000000	0.0000683700000000	0.9999984500000000	-0.0017740900000000
0.1542468100000000	-0.0002590400000000	0.2687500700000000	0.0000561500000000	0.9999981500000000	-0.0019142200000000
0.1542468100000000	-0.0003529000000000	0.2197304800000000	0.0000547000000000	0.9999985100000000	-0.0017368800000000
0.1542468100000000	-0.0004293200000000	0.1707109100000000	0.0000505500000000	0.9999988100000000	-0.0015589400000000
0.1542468100000000	-0.0005057300000000	0.1216913200000000	0.0000497000000000	0.9999993400000000	-0.0011454300000000
0.1542468100000000	-0.0005416200000000	0.0726717400000000	0.0000491700000000	0.9999997000000000	-0.0007324700000000
0.1542468100000000	-0.0005775400000000	0.0236521600000000	0.0000495800000000	1.0000000000000000	-0.0002209300000000
0.1542468100000000	-0.0005632800000000	-0.0253674200000000	0.0000503400000000	0.9999999400000000	0.0002908900000000
0.1542468100000000	-0.0005490300000000	-0.0743870000000000	0.0000510100000000	0.9999997000000000	0.0007618000000000
0.1542468100000000	-0.0004885900000000	-0.1234065800000000	0.0000547400000000	0.9999992300000000	0.0012325100000000
0.1542468100000000	-0.0004281900000000	-0.1724261600000000	0.0000568200000000	0.9999988700000000	0.0015192100000000
0.1542468100000000	-0.0003396500000000	-0.2214457200000000	0.0000657800000000	0.9999983900000000	0.0018065100000000
0.1542468100000000	-0.0002510800000000	-0.2704653100000000	0.0000673700000000	0.9999983900000000	0.0017876500000000
0.1542468100000000	-0.0001643900000000	-0.3194848900000000	0.0000825100000000	0.9999984500000000	0.0017687300000000
0.1542468100000000	-0.0000776800000000	-0.3685044600000000	0.0000848900000000	0.9999988700000000	0.0015020300000000
0.1542468100000000	-0.0000171300000000	-0.4175240400000000	0.0000691900000000	0.9999992300000000	0.0012351400000000
0.1542468100000000	0.0000434200000000	-0.4665436400000000	0.0000659600000000	0.9999994600000000	0.0010385700000000
0.1542468100000000	0.0000846900000000	-0.5155631899999999	0.0000584000000000	0.9999996400000000	0.0008416300000000
0.1542468100000000	0.0001259300000000	-0.5645827700000000	0.0000578700000000	0.9999996400000000	0.0008513400000000
0.0496717100000000	0.0001990500000000	0.6118871000000000	0.0000256000000000	0.9999997000000000	-0.0007939300000000
0.0496717100000000	0.0001570100000000	0.5628675200000000	0.0000322400000000	0.9999996400000000	-0.0008589400000000
0.0496717100000000	0.0001148400000000	0.5138479500000001	0.0000396300000000	0.9999995800000000	-0.0009429800000000
0.0496717100000000	0.0000645600000000	0.4648283700000000	0.0000601800000000	0.9999994600000000	-0.0010301700000000
0.0496717100000000	0.0000138500000000	0.4158088000000000	0.0000823500000000	0.9999991100000000	-0.0013513400000000
0.0496717100000000	-0.0000679200000000	0.3667892200000000	0.0000777200000000	0.9999986300000000	-0.0016667600000000
0.0496717100000000	-0.0001495600000000	0.3177696500000000	0.0000722200000000	0.9999983300000000	-0.0018341500000000
0.0496717100000000	-0.0002477400000000	0.2687500700000000	0.0000534700000000	0.9999979700000000	-0.0019992500000000
0.0496717100000000	-0.0003455700000000	0.2197304800000000	0.0000331300000000	0.9999983900000000	-0.0017938400000000
0.0496717100000000	-0.0004236100000000	0.1707109100000000	0.0000266900000000	0.9999987500000000	-0.0015908000000000
0.0496717100000000	-0.0005015300000000	0.1216913200000000	0.0000196400000000	0.9999993400000000	-0.0011634100000000
0.0496717100000000	-0.0005376700000000	0.0726717400000000	0.0000182500000000	0.9999997000000000	-0.0007372900000000
0.0496717100000000	-0.0005738100000000	0.0236521600000000	0.0000169000000000	1.0000000000000000	-0.0002211500000000
0.0496717100000000	-0.0005593500000000	-0.0253674200000000	0.0000179800000000	0.9999999400000000	0.0002950300000000
0.0496717100000000	-0.0005448900000000	-0.0743870000000000	0.0000192500000000	0.9999997000000000	0.0007734800000000
0.0496717100000000	-0.0004835200000000	-0.1234065800000000	0.0000224800000000	0.9999992300000000	0.0012510700000000
0.0496717100000000	-0.0004222300000000	-0.1724261600000000	0.0000260600000000	0.9999988100000000	0.0015608100000000
0.0496717100000000	-0.0003305000000000	-0.2214457200000000	0.0000394900000000	0.9999982700000000	0.0018690500000000
0.0496717100000000	-0.0002389900000000	-0.2704653100000000	0.0000539900000000	0.9999982700000000	0.0018696600000000
0.0496717100000000	-0.0001472000000000	-0.3194848900000000	0.0000748300000000	0.9999982700000000	0.0018680300000000
0.0496717100000000	-0.0000558500000000	-0.3685044600000000	0.0000976000000000	0.9999988700000000	0.0014990900000000
0.0496717100000000	-0.0000002300000000	-0.4175240400000000	0.0000786400000000	0.9999993400000000	0.0011392000000000
0.0496717100000000	0.0000558400000000	-0.4665436400000000	0.0000576500000000	0.9999995200000000	0.0009614900000000
0.0496717100000000	0.0000940400000000	-0.5155631899999999	0.0000445700000000	0.9999997000000000	0.0007817000000000
0.0496717100000000	0.0001324700000000	-0.5645827700000000	0.0000305000000000	0.9999997600000000	0.0007156100000000
-0.0549034000000000	0.0001986100000000	0.6118871000000000	-0.0000331700000000	0.9999997000000000	-0.0008036400000000
-0.0549034000000000	0.0001561900000000	0.5628675200000000	-0.0000419700000000	0.9999996400000000	-0.0008637300000000
-0.0549034000000000	0.0001139300000000	0.5138479500000001	-0.0000505700000000	0.9999995200000000	-0.0009514300000000
-0.0549034000000000	0.0000629100000000	0.4648283700000000	-0.0000739700000000	0.9999994600000000	-0.0010366500000000
-0.0549034000000000	0.0000123000000000	0.4158088000000000	-0.0000960800000000	0.9999991100000000	-0.0013440400000000
-0.0549034000000000	-0.0000688500000000	0.3667892200000000	-0.0000880400000000	0.9999986300000000	-0.0016566600000000
-0.0549034000000000	-0.0001501200000000	0.3177696500000000	-0.0000806400000000	0.9999983300000000	-0.0018258200000000
-0.0549034000000000	-0.0002478600000000	0.2687500700000000	-0.0000584000000000	0.9999979700000000	-0.0019976100000000
-0.0549034000000000	-0.0003459700000000	0.2197304800000000	-0.0000375400000000	0.9999983900000000	-0.0017940200000000
-0.0549034000000000	-0.0004237400000000	0.1707109100000000	-0.0000300100000000	0.9999987500000000	-0.0015877300000000
-0.0549034000000000	-0.0005016300000000	0.1216913200000000	-0.0000229500000000	0.9999993400000000	-0.0011634300000000
-0.0549034000000000	-0.0005378000000000	0.0726717400000000	-0.0000216200000000	0.9999997000000000	-0.0007383100000000
-0.0549034000000000	-0.0005740100000000	0.0236521600000000	-0.0000202700000000	1.0000000000000000	-0.0002215100000000
-0.0549034000000000	-0.0005595200000000	-0.0253674200000000	-0.0000211400000000	0.9999999400000000	0.0002959100000000
-0.0549034000000000	-0.0005450000000000	-0.0743870000000000	-0.0000218800000000	0.9999997000000000	0.0007714000000000
-0.0549034000000000	-0.0004838900000000	-0.1234065800000000	-0.0000273700000000	0.9999992300000000	0.0012470400000000
-0.0549034000000000	-0.0004227400000000	-0.1724261600000000	-0.0000325500000000	0.9999988100000000	0.0015554900000000
-0.0549034000000000	-0.0003313900000000	-0.2214457200000000	-0.0000469000000000	0.9999982700000000	0.0018660900000000
-0.0549034000000000	-0.0002397900000000	-0.2704653100000000	-0.0000605300000000	0.9999982700000000	0.0018630600000000
-0.0549034000000000	-0.0001487400000000	-0.3194848900000000	-0.0000845200000000	0.9999982700000000	0.0018617600000000
-0.0549034000000000	-0.0000572600000000	-0.3685044600000000	-0.0001066500000000	0.9999988700000000	0.0015101500000000
-0.0549034000000000	-0.0000006900000000	-0.4175240400000000	-0.0000822200000000	0.9999993400000000	0.0011499100000000
-0.0549034000000000	0.0000554700000000	-0.4665436400000000	-0.0000594800000000	0.9999995200000000	0.0009658900000000
-0.0549034000000000	0.0000940100000000	-0.5155631899999999	-0.0000441500000000	0.9999997000000000	0.0007837100000000
-0.0549034000000000	0.0001323100000000	-0.5645827700000000	-0.0000296600000000	0.9999997600000000	0.0007213500000000
-0.1594785000000000	0.0001921200000000	0.6118871000000000	-0.0000672800000000	0.9999995800000000	-0.0008841000000000
-0.1594785000000000	0.0001482300000000	0.5628675200000000	-0.0000647200000000	0.9999995800000000	-0.0008960500000000
-0.1594785000000000	0.0001042700000000	0.5138479500000001	-0.0000670100000000	0.9999994600000000	-0.0010112500000000
-0.1594785000000000	0.0000490900000000	0.4648283700000000	-0.0000633900000000	0.9999993400000000	-0.0011272500000000
-0.1594785000000000	-0.0000062500000000	0.4158088000000000	-0.0000730600000000	0.9999990500000000	-0.0013813400000000
-0.1594785000000000	-0.0000863300000000	0.3667892200000000	-0.0000721800000000	0.9999986900000000	-0.0016338300000000
-0.1594785000000000	-0.0001664300000000	0.3177696500000000	-0.0000686100000000	0.9999984500000000	-0.0017709300000000
-0.1594785000000000	-0.0002599600000000	0.2687500700000000	-0.0000675800000000	0.9999981500000000	-0.0019073200000000
-0.1594785000000000	-0.0003534200000000	0.2197304800000000	-0.0000560400000000	0.9999985100000000	-0.0017332800000000
-0.1594785000000000	-0.0004298900000000	0.1707109100000000	-0.0000561800000000	0.9999988100000000	-0.0015596600000000
-0.1594785000000000	-0.0005063300000000	0.1216913200000000	-0.0000523100000000	0.9999993400000000	-0.0011454900000000
-0.1594785000000000	-0.0005421900000000	0.0726717400000000	-0.0000526000000000	0.9999997000000000	-0.0007315700000000
-0.1594785000000000	-0.0005780500000000	0.0236521600000000	-0.0000524300000000	1.0000000000000000	-0.0002201300000000
-0.1594785000000000	-0.0005637700000000	-0.0253674200000000	-0.0000539500000000	0.9999999400000000	0.0002915900000000
-0.1594785000000000	-0.0005494600000000	-0.0743870000000000	-0.0000553400000000	0.9999997000000000	0.0007601800000000
-0.1594785000000000	-0.0004892400000000	-0.1234065800000000	-0.0000552200000000	0.9999992300000000	0.0012283000000000
-0.1594785000000000	-0.0004290400000000	-0.1724261600000000	-0.0000567300000000	0.9999988700000000	0.0015191600000000
-0.1594785000000000	-0.0003403000000000	-0.2214457200000000	-0.0000573100000000	0.9999983900000000	0.0018093500000000
-0.1594785000000000	-0.0002516500000000	-0.2704653100000000	-0.0000645700000000	0.9999983900000000	0.0017894000000000
-0.1594785000000000	-0.0001648700000000	-0.3194848900000000	-0.0000627100000000	0.9999984500000000	0.0017696400000000
-0.1594785000000000	-0.0000781600000000	-0.3685044600000000	-0.0000745600000000	0.9999988700000000	0.0015039900000000
-0.1594785000000000	-0.0000174200000000	-0.4175240400000000	-0.0000749500000000	0.9999992300000000	0.0012398400000000
-0.1594785000000000	0.0000433900000000	-0.4665436400000000	-0.0000625600000000	0.9999994600000000	0.0010427200000000
-0.1594785000000000	0.0000848000000000	-0.5155631899999999	-0.0000619500000000	0.9999996400000000	0.0008453100000000
-0.1594785000000000	0.0001262700000000	-0.5645827700000000	-0.0000545700000000	0.9999996400000000	0.0008526000000000
-0.2640536100000000	0.0001845400000000	0.6118871000000000	-0.0000966000000000	0.9999997000000000	-0.0008029100000000
-0.2640536100000000	0.0001426600000000	0.5628675200000000	-0.0000852400000000	0.9999996400000000	-0.0008631700000000
-0.2640536100000000	0.0000999100000000	0.5138479500000001	-0.0000715200000000	0.9999995200000000	-0.0009485900000000
-0.2640536100000000	0.0000496600000000	0.4648283700000000	-0.0000452500000000	0.9999994600000000	-0.0010495500000000
-0.2640536100000000	-0.0000029900000000	0.4158088000000000	-0.0000076400000000	0.9999990500000000	-0.0013627800000000
-0.2640536100000000	-0.0000839500000000	0.3667892200000000	-0.0000092700000000	0.9999986300000000	-0.0016471600000000
-0.2640536100000000	-0.0001644700000000	0.3177696500000000	-0.0000159500000000	0.9999983300000000	-0.0018160200000000
-0.2640536100000000	-0.0002619900000000	0.2687500700000000	-0.0000357100000000	0.9999980300000000	-0.0019707900000000
-0.2640536100000000	-0.0003576900000000	0.2197304800000000	-0.0000646700000000	0.9999984500000000	-0.0017697100000000
-0.2640536100000000	-0.0004354900000000	0.1707109100000000	-0.0000706000000000	0.9999987500000000	-0.0015797700000000
-0.2640536100000000	-0.0005125700000000	0.1216913200000000	-0.0000791400000000	0.9999993400000000	-0.0011557800000000
-0.2640536100000000	-0.0005488000000000	0.0726717400000000	-0.0000820800000000	0.9999997000000000	-0.0007385600000000
-0.2640536100000000	-0.0005849700000000	0.0236521600000000	-0.0000847700000000	1.0000000000000000	-0.0002244100000000
-0.2640536100000000	-0.0005708000000000	-0.0253674200000000	-0.0000857900000000	0.9999999400000000	0.0002896900000000
-0.2640536100000000	-0.0005565700000000	-0.0743870000000000	-0.0000873400000000	0.9999997000000000	0.0007686900000000
-0.2640536100000000	-0.0004954400000000	-0.1234065800000000	-0.0000846900000000	0.9999992300000000	0.0012440700000000
-0.2640536100000000	-0.0004346100000000	-0.1724261600000000	-0.0000797000000000	0.9999988100000000	0.0015510400000000
-0.2640536100000000	-0.0003433800000000	-0.2214457200000000	-0.0000688200000000	0.9999982700000000	0.0018493700000000
-0.2640536100000000	-0.0002533000000000	-0.2704653100000000	-0.0000510000000000	0.9999982700000000	0.0018515500000000
-0.2640536100000000	-0.0001618600000000	-0.3194848900000000	-0.0000279100000000	0.9999983300000000	0.0018404500000000
-0.2640536100000000	-0.0000728600000000	-0.3685044600000000	0.0000097900000000	0.9999989300000000	0.0014840300000000
-0.2640536100000000	-0.0000163600000000	-0.4175240400000000	-0.0000094500000000	0.9999992800000000	0.0011755100000000
-0.2640536100000000	0.0000423900000000	-0.4665436400000000	-0.0000440000000000	0.9999995200000000	0.0009936200000000
-0.2640536100000000	0.0000810500000000	-0.5155631899999999	-0.0000566300000000	0.9999997000000000	0.0008007500000000
-0.2640536100000000	0.0001208900000000	-0.5645827700000000	-0.0000758400000000	0.9999997000000000	0.0007606100000000
-0.3686287100000000	0.0001719100000000	0.6118871000000000	-0.0001507300000000	0.9999997000000000	-0.0007827100000000
-0.3686287100000000	0.0001304000000000	0.5628675200000000	-0.0001574100000000	0.9999996400000000	-0.0008425400000000
-0.3686287100000000	0.0000893100000000	0.5138479500000001	-0.0001579100000000	0.9999995800000000	-0.0009259400000000
-0.3686287100000000	0.0000396300000000	0.4648283700000000	-0.0001786700000000	0.9999994600000000	-0.0009909900000000
-0.3686287100000000	-0.0000078500000000	0.4158088000000000	-0.0001817000000000	0.9999991100000000	-0.0013045900000000
-0.3686287100000000	-0.0000882700000000	0.3667892200000000	-0.0001727300000000	0.9999986300000000	-0.0016515500000000
-0.3686287100000000	-0.0001697600000000	0.3177696500000000	-0.0001675000000000	0.9999983300000000	-0.0018273400000000
-0.3686287100000000	-0.0002674200000000	0.2687500700000000	-0.0001443700000000	0.9999979700000000	-0.0020112400000000
-0.3686287100000000	-0.0003669400000000	0.2197304800000000	-0.0001366000000000	0.9999983300000000	-0.0018077100000000
-0.3686287100000000	-0.0004446500000000	0.1707109100000000	-0.0001287500000000	0.9999987500000000	-0.0015905300000000
-0.3686287100000000	-0.0005228800000000	0.1216913200000000	-0.0001265400000000	0.9999992800000000	-0.0011699800000000
-0.3686287100000000	-0.0005593600000000	0.0726717400000000	-0.0001261700000000	0.9999997000000000	-0.0007435800000000
-0.3686287100000000	-0.0005957800000000	0.0236521600000000	-0.0001264000000000	0.9999999400000000	-0.0002280400000000
-0.3686287100000000	-0.0005817100000000	-0.0253674200000000	-0.0001286900000000	0.9999999400000000	0.0002861000000000
-0.3686287100000000	-0.0005677300000000	-0.0743870000000000	-0.0001307900000000	0.9999997000000000	0.0007625300000000
-0.3686287100000000	-0.0005069500000000	-0.1234065800000000	-0.0001378000000000	0.9999992300000000	0.0012446000000000
-0.3686287100000000	-0.0004457100000000	-0.1724261600000000	-0.0001418100000000	0.9999988100000000	0.0015530200000000
-0.3686287100000000	-0.0003547000000000	-0.2214457200000000	-0.0001577600000000	0.9999982100000000	0.0018705800000000
-0.3686287100000000	-0.0002623200000000	-0.2704653100000000	-0.0001637500000000	0.9999982100000000	0.0018766800000000
-0.3686287100000000	-0.0001707100000000	-0.3194848900000000	-0.0001871200000000	0.9999981500000000	0.0018993200000000
-0.3686287100000000	-0.0000761100000000	-0.3685044600000000	-0.0001933100000000	0.9999988100000000	0.0015433600000000
-0.3686287100000000	-0.0000194000000000	-0.4175240400000000	-0.0001683800000000	0.9999993400000000	0.0011250800000000
-0.3686287100000000	0.0000341900000000	-0.4665436400000000	-0.0001601200000000	0.9999995200000000	0.0009420600000000
-0.3686287100000000	0.0000729600000000	-0.5155631899999999	-0.0001415400000000	0.9999997000000000	0.0007773700000000
-0.3686287100000000	0.0001104100000000	-0.5645827700000000	-0.0001342600000000	0.9999997600000000	0.0006914000000000
-0.4732038100000000	0.0001530100000000	0.6118871000000000	-0.0001735800000000	0.9999995800000000	-0.0008981400000000
-0.4732038100000000	0.0001097300000000	0.5628675200000000	-0.0001788700000000	0.9999995800000000	-0.0008784900000000
-0.4732038100000000	0.0000668800000000	0.5138479500000001	-0.0001880500000000	0.9999994600000000	-0.0009939400000000
-0.4732038100000000	0.0000122900000000	0.4648283700000000	-0.0002003700000000	0.9999994000000000	-0.0011002900000000
-0.4732038100000000	-0.0000409900000000	0.4158088000000000	-0.0002285000000000	0.9999990500000000	-0.0013501000000000
-0.4732038100000000	-0.0001200800000000	0.3667892200000000	-0.0002246000000000	0.9999986900000000	-0.0016168700000000
-0.4732038100000000	-0.0001995000000000	0.3177696500000000	-0.0002144700000000	0.9999984500000000	-0.0017555300000000
-0.4732038100000000	-0.0002921900000000	0.2687500700000000	-0.0002021500000000	0.9999981500000000	-0.0019048600000000
-0.4732038100000000	-0.0003862600000000	0.2197304800000000	-0.0001756800000000	0.9999984500000000	-0.0017363800000000
-0.4732038100000000	-0.0004624200000000	0.1707109100000000	-0.0001754300000000	0.9999987500000000	-0.0015583100000000
-0.4732038100000000	-0.0005390300000000	0.1216913200000000	-0.0001691800000000	0.9999993400000000	-0.0011502800000000
-0.4732038100000000	-0.0005751900000000	0.0726717400000000	-0.0001705400000000	0.9999997000000000	-0.0007382800000000
-0.4732038100000000	-0.0006114100000000	0.0236521600000000	-0.0001713400000000	0.9999999400000000	-0.0002297600000000
-0.4732038100000000	-0.0005977200000000	-0.0253674200000000	-0.0001729400000000	0.9999999400000000	0.0002803300000000
-0.4732038100000000	-0.0005839300000000	-0.0743870000000000	-0.0001739700000000	0.9999997000000000	0.0007492500000000
-0.4732038100000000	-0.0005242600000000	-0.1234065800000000	-0.0001751200000000	0.9999992300000000	0.0012205500000000
-0.4732038100000000	-0.0004642700000000	-0.1724261600000000	-0.0001805000000000	0.9999988700000000	0.0015084600000000
-0.4732038100000000	-0.0003763800000000	-0.2214457200000000	-0.0001861200000000	0.9999983300000000	0.0018025700000000
-0.4732038100000000	-0.0002875400000000	-0.2704653100000000	-0.0002026600000000	0.9999983900000000	0.0017889000000000
-0.4732038100000000	-0.0002009900000000	-0.3194848900000000	-0.0002134500000000	0.9999983900000000	0.0017774000000000
-0.4732038100000000	-0.0001132900000000	-0.3685044600000000	-0.0002443300000000	0.9999988100000000	0.0015240200000000
-0.4732038100000000	-0.0000515800000000	-0.4175240400000000	-0.0002272400000000	0.9999992300000000	0.0012463000000000
-0.4732038100000000	0.0000089000000000	-0.4665436400000000	-0.0001917400000000	0.9999994000000000	0.0010508900000000
-0.4732038100000000	0.0000514500000000	-0.5155631899999999	-0.0001782100000000	0.9999996400000000	0.0008559300000000
-0.4732038100000000	0.0000928100000000	-0.5645827700000000	-0.0001555600000000	0.9999995800000000	0.0008708500000000
-0.5777789400000000	0.0001356100000000	0.6118871000000000	-0.0001563300000000	0.9999995800000000	-0.0008908200000000
-0.5777789400000000	0.0000929900000000	0.5628675200000000	-0.0001472100000000	0.9999995800000000	-0.0008734100000000
-0.5777789400000000	0.0000499800000000	0.5138479500000001	-0.0001404800000000	0.9999995200000000	-0.0009718100000000
-0.5777789400000000	-0.0000022800000000	0.4648283700000000	-0.0001134800000000	0.9999994000000000	-0.0010772800000000
-0.5777789400000000	-0.0000556400000000	0.4158088000000000	-0.0000934700000000	0.9999990500000000	-0.0013562800000000
-0.5777789400000000	-0.0001352500000000	0.3667892200000000	-0.0001023100000000	0.9999986900000000	-0.0016216300000000
-0.5777789400000000	-0.0002146200000000	0.3177696500000000	-0.0001088000000000	0.9999983900000000	-0.0017794300000000
-0.5777789400000000	-0.0003097000000000	0.2687500700000000	-0.0001464800000000	0.9999981500000000	-0.0019284800000000
-0.5777789400000000	-0.0004036900000000	0.2197304800000000	-0.0001750000000000	0.9999984500000000	-0.0017507200000000
-0.5777789400000000	-0.0004813400000000	0.1707109100000000	-0.0001960300000000	0.9999987500000000	-0.0015766600000000
-0.5777789400000000	-0.0005582600000000	0.1216913200000000	-0.0002129500000000	0.9999992800000000	-0.0011595500000000
-0.5777789400000000	-0.0005950200000000	0.0726717400000000	-0.0002217100000000	0.9999997000000000	-0.0007481900000000
-0.5777789400000000	-0.0006316100000000	0.0236521600000000	-0.0002294600000000	0.9999999400000000	-0.0002331600000000
-0.5777789400000000	-0.0006178800000000	-0.0253674200000000	-0.0002278600000000	0.9999999400000000	0.0002804900000000
-0.5777789400000000	-0.0006041100000000	-0.0743870000000000	-0.0002269500000000	0.9999997000000000	0.0007579000000000
-0.5777789400000000	-0.0005435800000000	-0.1234065800000000	-0.0002134500000000	0.9999992300000000	0.0012306600000000
-0.5777789400000000	-0.0004834600000000	-0.1724261600000000	-0.0002030200000000	0.9999988100000000	0.0015295500000000
-0.5777789400000000	-0.0003936200000000	-0.2214457200000000	-0.0001741700000000	0.9999983300000000	0.0018233200000000
-0.5777789400000000	-0.0003047000000000	-0.2704653100000000	-0.0001518500000000	0.9999983300000000	0.0018183600000000
-0.5777789400000000	-0.0002153500000000	-0.3194848900000000	-0.0001095000000000	0.9999983300000000	0.0018104300000000
-0.5777789400000000	-0.0001272100000000	-0.3685044600000000	-0.0000752400000000	0.9999988700000000	0.0015139600000000
-0.5777789400000000	-0.0000669300000000	-0.4175240400000000	-0.0000965000000000	0.9999992300000000	0.0012372600000000
-0.5777789400000000	-0.0000059100000000	-0.4665436400000000	-0.0001114400000000	0.9999994600000000	0.0010466500000000
-0.5777789400000000	0.0000356900000000	-0.5155631899999999	-0.0001234800000000	0.9999996400000000	0.0008545800000000
-0.5777789400000000	0.0000778700000000	-0.5645827700000000	-0.0001295200000000	0.9999995800000000	0.0008890300000000
-0.6823540299999999	0.0001203100000000	0.6118871000000000	-0.0001498300000000	0.9999996400000000	-0.0008362900000000
-0.6823540299999999	0.0000789400000000	0.5628675200000000	-0.0001484800000000	0.9999996400000000	-0.0008446800000000
-0.6823540299999999	0.0000375000000000	0.5138479500000001	-0.0001452100000000	0.9999995800000000	-0.0009220000000000
-0.6823540299999999	-0.0000114500000000	0.4648283700000000	-0.0001512100000000	0.9999994600000000	-0.0010000000000000
-0.6823540299999999	-0.0000605400000000	0.4158088000000000	-0.0001519800000000	0.9999991100000000	-0.0013262700000000
-0.6823540299999999	-0.0001414700000000	0.3667892200000000	-0.0001682400000000	0.9999986300000000	-0.0016495800000000
-0.6823540299999999	-0.0002222600000000	0.3177696500000000	-0.0001856600000000	0.9999982700000000	-0.0018497500000000
-0.6823540299999999	-0.0003228200000000	0.2687500700000000	-0.0002146800000000	0.9999978500000000	-0.0020460800000000
-0.6823540299999999	-0.0004228600000000	0.2197304800000000	-0.0002489800000000	0.9999982700000000	-0.0018420900000000
-0.6823540299999999	-0.0005034200000000	0.1707109100000000	-0.0002775400000000	0.9999986300000000	-0.0016392600000000
-0.6823540299999999	-0.0005835700000000	0.1216913200000000	-0.0003096400000000	0.9999992300000000	-0.0012050700000000
-0.6823540299999999	-0.0006215600000000	0.0726717400000000	-0.0003251500000000	0.9999996400000000	-0.0007735100000000
-0.6823540299999999	-0.0006594000000000	0.0236521600000000	-0.0003415000000000	0.9999999400000000	-0.0002428900000000
-0.6823540299999999	-0.0006453800000000	-0.0253674200000000	-0.0003368500000000	0.9999998800000000	0.0002856900000000
-0.6823540299999999	-0.0006314000000000	-0.0743870000000000	-0.0003324000000000	0.9999996400000000	0.0007799900000000
-0.6823540299999999	-0.0005689100000000	-0.1234065800000000	-0.0003107100000000	0.9999991700000000	0.0012716100000000
-0.6823540299999999	-0.0005067300000000	-0.1724261600000000	-0.0002870400000000	0.9999986900000000	0.0015922600000000
-0.6823540299999999	-0.0004128000000000	-0.2214457200000000	-0.0002548700000000	0.9999981500000000	0.0019117300000000
-0.6823540299999999	-0.0003193000000000	-0.2704653100000000	-0.0002183300000000	0.9999980900000000	0.0019268600000000
-0.6823540299999999	-0.0002238900000000	-0.3194848900000000	-0.0001940200000000	0.9999980900000000	0.0019408300000000
-0.6823540299999999	-0.0001290300000000	-0.3685044600000000	-0.0001639400000000	0.9999988100000000	0.0015517500000000
-0.6823540299999999	-0.0000717600000000	-0.4175240400000000	-0.0001477700000000	0.9999992800000000	0.0011690800000000
-0.6823540299999999	-0.0000144100000000	-0.4665436400000000	-0.0001350900000000	0.9999995200000000	0.0009933400000000
-0.6823540299999999	0.0000256200000000	-0.5155631899999999	-0.0001312300000000	0.9999996400000000	0.0008173400000000
-0.6823540299999999	0.0000657200000000	-0.5645827700000000	-0.0001301700000000	0.9999997000000000	0.0007881500000000
-0.7869291300000000	0.0001042700000000	0.6118871000000000	-0.0001534100000000	0.9999996400000000	-0.0008635500000000
-0.7869291300000000	0.0000619400000000	0.5628675200000000	-0.0001626100000000	0.9999996400000000	-0.0008635500000000
-0.7869291300000000	0.0000196100000000	0.5138479500000001	-0.0002245800000000	0.9999995200000000	-0.0009776400000000
-0.7869291300000000	-0.0000339100000000	0.4648283700000000	-0.0002147800000000	0.9999994000000000	-0.0010917400000000
-0.7869291300000000	-0.0000874200000000	0.4158088000000000	-0.0003981300000000	0.9999989300000000	-0.0013926000000000
-0.7869291300000000	-0.0001704400000000	0.3667892200000000	-0.0002769600000000	0.9999985100000000	-0.0016934600000000
-0.7869291300000000	-0.0002534500000000	0.3177696500000000	-0.0003849800000000	0.9999981500000000	-0.0018785100000000
-0.7869291300000000	-0.0003546000000000	0.2687500700000000	-0.0003039200000000	0.9999978500000000	-0.0020635600000000
-0.7869291300000000	-0.0004557600000000	0.2197304800000000	-0.0002308500000000	0.9999982100000000	-0.0018848200000000
-0.7869291300000000	-0.0005393900000000	0.1707109100000000	-0.0003439800000000	0.9999985100000000	-0.0017060800000000
-0.7869291300000000	-0.0006230200000000	0.1216913200000000	-0.0001686900000000	0.9999991700000000	-0.0012611100000000
-0.7869291300000000	-0.0006630300000000	0.0726717400000000	-0.0003965200000000	0.9999995800000000	-0.0008161400000000
-0.7869291300000000	-0.0007030400000000	0.0236521600000000	-0.0001556600000000	0.9999999400000000	-0.0002581200000000
-0.7869291300000000	-0.0006883400000000	-0.0253674200000000	-0.0004108000000000	0.9999998800000000	0.0002999100000000
-0.7869291300000000	-0.0006736300000000	-0.0743870000000000	-0.0001630900000000	0.9999996400000000	0.0008136600000000
-0.7869291300000000	-0.0006085600000000	-0.1234065800000000	-0.0003792300000000	0.9999990500000000	0.0013274200000000
-0.7869291300000000	-0.0005434900000000	-0.1724261600000000	-0.0002010000000000	0.9999986300000000	0.0016486600000000
-0.7869291300000000	-0.0004469300000000	-0.2214457200000000	-0.0003263500000000	0.9999980300000000	0.0019699000000000
-0.7869291300000000	-0.0003503700000000	-0.2704653100000000	-0.0003072300000000	0.9999980300000000	0.0019481800000000
-0.7869291300000000	-0.0002559300000000	-0.3194848900000000	-0.0003063700000000	0.9999980900000000	0.0019264500000000
-0.7869291300000000	-0.0001615000000000	-0.3685044600000000	-0.0004576300000000	0.9999985700000000	0.0016126200000000
-0.7869291300000000	-0.0000978300000000	-0.4175240400000000	-0.0002493000000000	0.9999991100000000	0.0012988000000000
-0.7869291300000000	-0.0000341700000000	-0.4665436400000000	-0.0002905700000000	0.9999993400000000	0.0010819400000000
-0.7869291300000000	0.0000082400000000	-0.5155631899999999	-0.0001662300000000	0.9999995800000000	0.0008650800000000
-0.7869291300000000	0.0000506500000000	-0.5645827700000000	-0.0001441600000000	0.9999996400000000	0.0008650800000000
